1,1,24.01,13.784,0.306,1770,728,1766,724,48,78,-1,1796,563,1796,554,82,36,-1
2,1,24.011,13.775,0.3,1772,728,1764,720,46,78,-1,1794,563,1794,554,84,36,-1
3,1,23.933,13.688,0.302,1768,724,1762,716,44,76,-1,1790,563,1790,554,80,34,-1
4,1,23.885,13.511,0.28,1766,716,1760,710,42,80,-1,1786,562,1786,554,82,34,-1
5,1,23.83,13.419,0.278,1764,712,1758,706,42,80,-1,1782,562,1782,554,82,32,-1
6,1,23.788,13.378,0.257,1762,710,1756,702,42,80,-1,1780,561,1780,556,84,32,-1
7,1,23.729,13.289,0.233,1760,706,1754,698,42,82,-1,1776,560,1776,556,86,30,-1
8,1,23.718,13.244,0.282,1758,704,1752,696,44,82,-1,1776,562,1776,556,84,30,-1
9,1,23.699,13.063,0.331,1756,696,1750,690,42,84,-1,1774,564,1774,556,88,34,-1
10,1,23.674,13.101,0.349,1756,698,1748,688,40,80,-1,1772,565,1772,556,88,34,-1
11,1,23.64,12.974,0.307,1754,692,1748,684,38,80,-1,1770,563,1770,556,86,34,-1
12,1,23.6,12.93,0.307,1752,690,1746,680,36,80,-1,1768,563,1768,556,74,30,-1
13,1,23.563,12.876,0.325,1752,688,1744,678,36,80,-1,1764,564,1764,556,76,32,-1
14,1,23.534,12.751,0.334,1748,682,1744,674,34,82,-1,1764,564,1764,556,72,34,-1
15,1,23.514,12.744,0.353,1748,682,1742,672,34,82,-1,1762,565,1762,556,72,32,-1
16,1,23.482,12.614,0.333,1746,676,1740,668,34,80,-1,1760,564,1760,556,70,32,-1
17,1,23.469,12.522,0.332,1746,672,1740,666,34,82,-1,1758,564,1758,556,70,34,-1
18,1,23.412,12.437,0.336,1742,668,1738,664,34,84,-1,1756,564,1756,556,66,32,-1
19,1,23.389,12.433,0.333,1742,668,1736,660,36,84,-1,1754,564,1754,556,66,34,-1
20,1,23.387,12.475,0.355,1742,670,1736,660,36,84,-1,1754,565,1754,556,66,34,-1
21,1,23.357,12.342,0.358,1740,664,1734,656,36,84,-1,1752,565,1752,558,68,30,-1
22,1,23.332,12.341,0.332,1740,664,1734,654,36,86,-1,1750,564,1750,556,72,32,-1
23,1,23.292,12.297,0.333,1738,662,1732,650,36,84,-1,1748,564,1748,558,68,30,-1
24,1,23.297,12.252,0.333,1738,660,1732,650,36,84,-1,1748,564,1748,556,68,34,-1
25,1,23.271,12.074,0.337,1736,652,1730,646,36,82,-1,1746,564,1746,558,70,32,-1
26,1,23.239,12.16,0.332,1736,656,1730,644,36,84,-1,1744,564,1744,558,68,34,-1
27,1,23.221,12.119,0.336,1734,654,1728,644,36,80,-1,1744,564,1744,558,66,34,-1
28,1,23.208,12.026,0.334,1734,650,1728,642,36,80,-1,1742,564,1742,556,70,32,-1
29,1,23.299,11.977,0.306,1740,648,1732,638,30,80,-1,1744,563,1744,556,66,32,-1
30,1,23.796,11.909,0.542,1748,644,1730,634,24,78,-1,1776,571,1750,556,58,32,-1
31,1,23.798,11.753,0.504,1754,638,1728,630,34,74,-1,1770,570,1750,554,48,30,-1
32,1,24.101,11.616,0.65,1762,632,1726,626,42,72,-1,1786,576,1748,554,38,30,-1
33,1,23.849,11.545,0.459,1764,630,1724,622,48,70,-1,1763,569,1748,554,34,34,-1
34,1,24.121,11.451,0.459,1766,624,1724,616,50,70,-1,1784,568,1746,554,38,32,-1
35,1,24.21,11.269,0.46,1770,616,1726,608,52,74,-1,1786,568,1744,554,42,36,-1
36,1,24.293,11.13,0.461,1774,610,1732,602,50,74,-1,1788,568,1744,554,44,30,-1
37,1,24.377,10.992,0.461,1778,604,1738,596,48,72,-1,1790,568,1744,556,46,28,-1
38,1,24.507,10.854,0.462,1784,598,1742,590,50,72,-1,1794,568,1742,556,52,28,-1
39,1,24.659,10.712,0.46,1792,592,1744,586,54,70,-1,1798,568,1748,556,50,26,-1
40,1,24.761,10.622,0.462,1796,588,1746,582,56,66,-1,1802,568,1754,556,48,28,-1
41,1,24.841,10.537,0.468,1798,584,1746,576,60,66,-1,1806,568,1754,556,52,28,-1
42,1,24.956,10.338,0.484,1806,576,1748,572,62,66,-1,1806,569,1756,556,50,28,-1
43,1,25.031,10.297,0.489,1808,574,1752,568,62,64,-1,1810,569,1756,556,54,28,-1
44,1,25.134,10.207,0.492,1812,570,1756,564,62,64,-1,1814,569,1754,558,60,26,-1
45,1,25.217,10.109,0.516,1816,566,1760,560,62,64,-1,1816,570,1752,560,64,24,-1
46,1,25.252,10.023,0.521,1816,562,1764,556,60,64,-1,1818,570,1752,560,66,26,-1
47,1,25.354,9.925,0.518,1822,558,1766,552,62,64,-1,1820,570,1756,560,64,26,-1
48,1,25.387,9.88,0.547,1822,556,1770,548,60,66,-1,1822,571,1760,560,62,26,-1
49,1,25.45,9.737,0.544,1826,550,1772,544,62,68,-1,1822,571,1762,560,60,26,-1
50,1,25.572,9.648,0.52,1832,546,1776,542,62,66,-1,1826,570,1762,560,64,28,-1
51,1,25.582,9.598,0.545,1832,544,1778,538,62,68,-1,1826,571,1770,562,56,26,-1
52,1,25.661,9.553,0.574,1834,542,1778,534,64,72,-1,1830,572,1770,560,60,28,-1
53,1,25.673,9.463,0.577,1834,538,1784,530,56,68,-1,1830,572,1770,560,60,30,-1
54,1,25.644,9.319,0.573,1834,532,1788,524,50,70,-1,1826,572,1776,558,50,30,-1
55,1,25.59,9.227,0.603,1830,528,1796,518,42,74,-1,1824,573,1776,558,48,30,-1
56,1,25.631,9.087,0.604,1832,522,1800,514,38,80,-1,1824,573,1784,558,40,30,-1
57,1,25.618,9.041,0.633,1830,520,1808,510,28,82,-1,1824,574,1792,562,32,26,-1
58,1,25.495,8.947,0.327,1830,514,1812,506,26,84,-1,1816,562,1798,562,26,28,-1
59,1,25.524,8.841,0.373,1832,510,1816,500,22,90,-1,1815,564,1800,564,24,26,-1
60,1,25.556,8.712,0.324,1834,504,1820,496,20,86,-1,1815,562,1806,562,20,26,-1
61,1,25.661,8.42,0.63,1836,494,1820,492,20,88,-1,1815,574,1806,562,20,26,-1
62,1,25.571,8.449,0.278,1834,492,1822,486,20,88,-1,1814,560,1806,560,22,30,-1
73,1,26.457,7.597,0.848,1866,460,1816,452,58,66,-1,1842,582,1796,556,46,32,-1
74,1,26.569,7.452,0.847,1872,454,1822,448,54,62,-1,1844,582,1796,558,48,32,-1
75,1,26.604,7.404,0.878,1872,452,1824,444,56,64,-1,1846,583,1794,564,52,26,-1
76,1,26.729,7.241,0.952,1878,446,1830,440,54,62,-1,1848,586,1796,566,52,26,-1
77,1,26.769,7.187,1.009,1878,444,1834,436,52,62,-1,1850,588,1798,568,52,26,-1
78,1,26.833,7.089,1.038,1880,440,1834,432,54,64,-1,1852,589,1800,570,52,24,-1
79,1,26.944,6.983,1.061,1886,436,1836,430,56,66,-1,1854,590,1802,570,52,26,-1
80,1,27.018,6.872,1.142,1888,432,1838,426,56,66,-1,1856,593,1804,572,52,26,-1
81,1,27.079,6.78,1.146,1890,428,1842,422,54,64,-1,1858,593,1802,574,56,26,-1
82,1,27.108,6.778,1.176,1890,428,1844,420,54,64,-1,1860,594,1806,574,54,28,-1
83,1,27.142,6.721,1.2,1892,426,1848,416,52,62,-1,1860,595,1808,576,52,28,-1
84,1,27.213,6.616,1.256,1894,422,1856,414,46,54,-1,1862,597,1810,576,52,28,-1
85,1,27.294,6.511,1.25,1900,418,1854,412,52,56,-1,1862,597,1814,578,48,26,-1
86,1,27.374,6.469,1.256,1902,416,1858,410,50,56,-1,1866,597,1814,578,52,28,-1
87,1,27.413,6.406,1.306,1904,414,1860,408,50,54,-1,1866,599,1818,578,48,30,-1
88,1,27.459,6.447,1.331,1906,416,1862,410,50,46,-1,1868,600,1824,580,44,28,-1
89,1,27.544,6.472,1.437,1908,418,1862,410,54,38,-1,1872,604,1826,582,46,28,-1
90,1,27.578,6.464,1.493,1908,418,1864,410,54,34,-1,1874,606,1824,582,50,30,-1
91,1,27.684,6.349,1.606,1910,414,1864,406,54,36,-1,1878,610,1820,578,58,36,-1
92,1,27.798,6.089,1.659,1916,404,1868,402,52,40,-1,1878,612,1818,580,60,36,-1
93,1,27.789,6.072,1.741,1914,404,1878,396,44,44,-1,1878,615,1820,582,58,38,-1
94,1,27.876,5.945,1.878,1916,400,1882,392,42,48,-1,1880,620,1826,586,54,38,-1
95,1,27.966,5.84,1.907,1920,396,1886,388,42,50,-1,1882,621,1836,588,46,40,-1
96,1,28.121,5.715,2.015,1926,392,1890,386,42,48,-1,1886,625,1844,592,42,40,-1
97,1,28.158,5.664,2.048,1926,390,1890,382,44,50,-1,1888,626,1844,594,44,40,-1
98,1,28.26,5.545,2.13,1930,386,1894,378,44,48,-1,1890,629,1846,596,44,40,-1
99,1,28.357,5.432,2.186,1934,382,1896,374,46,50,-1,1892,631,1848,598,44,40,-1
100,1,28.456,5.327,2.249,1936,378,1898,370,46,50,-1,1896,633,1848,600,48,40,-1
101,1,28.577,5.209,2.302,1942,374,1900,368,48,50,-1,1898,635,1848,602,50,40,-1
102,1,28.626,5.095,2.358,1944,370,1902,364,48,50,-1,1898,637,1848,604,50,40,-1
103,1,28.656,5.092,2.389,1944,370,1904,362,48,52,-1,1900,638,1848,608,52,36,-1
104,1,28.724,5.03,2.446,1946,368,1908,360,46,50,-1,1902,640,1848,608,54,38,-1
105,1,28.842,4.878,2.449,1952,362,1910,356,48,52,-1,1904,640,1848,610,56,36,-1
106,1,28.832,4.826,2.483,1950,360,1910,352,46,54,-1,1904,641,1850,614,54,34,-1
107,1,28.772,4.773,2.516,1946,358,1920,346,34,56,-1,1902,642,1850,616,52,34,-1
108,1,28.816,4.549,2.603,1948,350,1928,340,26,62,-1,1900,645,1860,616,40,34,-1
109,1,28.559,4.637,1.857,1948,346,1932,336,22,68,-1,1890,618,1874,618,26,32,-1
110,1,28.661,4.413,2.133,1950,340,1934,332,22,68,-1,1890,628,1878,628,22,24,-1
111,1,28.778,4.175,2.46,1952,334,1936,326,22,70,-1,1890,639,1880,624,20,30,-1
112,1,28.854,4.045,2.101,1956,324,1936,322,22,72,-1,1896,626,1882,626,20,28,-1
113,1,28.84,4.01,2.551,1952,328,1936,316,22,72,-1,1892,642,1884,628,18,28,-1
114,1,28.94,3.645,2.998,1950,318,1938,312,18,70,-1,1893,658,1884,628,16,30,-1
115,1,28.855,3.533,3.065,1944,314,1938,308,18,68,-1,1890,660,1878,630,24,30,-1
116,1,28.547,3.582,2.791,1940,314,1934,304,24,66,-1,1874,651,1874,634,28,26,-1
117,1,28.481,3.376,2.832,1936,306,1930,298,28,70,-1,1870,652,1870,636,36,24,-1
118,1,28.456,3.259,2.894,1934,302,1928,294,30,68,-1,1868,654,1868,632,40,30,-1
119,1,28.428,3.11,2.904,1932,296,1928,288,28,72,-1,1866,654,1866,634,42,28,-1
120,1,28.409,3.057,2.904,1932,294,1926,282,26,70,-1,1864,654,1864,636,40,26,-1
121,1,28.425,2.845,2.977,1930,286,1924,276,26,72,-1,1864,656,1864,640,42,24,-1
122,1,28.358,2.661,3.065,1928,280,1922,272,24,74,-1,1858,659,1858,640,48,26,-1
123,1,28.333,2.542,3.129,1926,276,1922,268,24,72,-1,1856,661,1856,640,52,26,-1
124,1,28.371,2.277,3.169,1928,266,1920,262,22,74,-1,1854,662,1854,642,52,24,-1
125,1,28.342,2.214,3.236,1924,264,1920,260,20,70,-1,1854,664,1854,642,50,28,-1
126,1,28.32,2.201,3.262,1924,264,1918,256,22,70,-1,1852,665,1852,642,48,28,-1
127,1,28.283,2.1,3.269,1922,260,1918,252,20,72,-1,1850,665,1850,644,46,28,-1
128,1,28.281,1.977,3.33,1922,256,1916,248,20,70,-1,1848,667,1848,644,46,28,-1
129,1,28.301,1.867,3.367,1922,252,1916,244,18,70,-1,1848,668,1848,646,40,26,-1
130,1,28.255,1.857,3.395,1920,252,1916,240,18,72,-1,1846,669,1846,646,40,30,-1
131,1,28.282,1.696,3.436,1920,246,1914,238,18,68,-1,1846,670,1846,646,40,28,-1
132,1,28.289,1.646,3.44,1920,244,1914,234,16,68,-1,1846,670,1846,648,38,30,-1
133,1,28.267,1.442,3.454,1918,236,1914,232,16,70,-1,1844,670,1844,648,38,30,-1
134,1,28.267,1.442,3.454,1918,236,1914,228,16,68,-1,1844,670,1844,650,36,28,-1
135,1,28.294,1.281,3.495,1918,230,1912,224,16,68,-1,1844,671,1844,650,34,30,-1
136,1,28.446,1.109,3.785,1916,226,1912,222,16,68,-1,1852,680,1844,650,30,30,-1
137,1,28.225,1.256,3.55,1916,230,1910,220,18,66,-1,1840,673,1840,650,32,30,-1
145,1,26.573,2.697,3.613,1846,288,1842,232,56,62,-1,1794,678,1794,658,48,26,-1
146,1,26.403,2.838,3.63,1840,294,1834,240,56,60,-1,1788,679,1788,660,50,24,-1
147,1,26.227,3.045,3.619,1832,302,1826,244,60,62,-1,1784,679,1784,662,50,24,-1
148,1,26.12,3.128,3.668,1828,306,1820,252,58,60,-1,1780,681,1780,662,50,24,-1
149,1,25.98,3.231,3.663,1822,310,1814,258,58,60,-1,1776,681,1776,664,52,24,-1
150,1,25.809,3.43,3.681,1814,318,1808,262,62,62,-1,1772,682,1772,664,54,24,-1
151,1,25.704,3.471,3.705,1810,320,1802,264,64,64,-1,1768,683,1768,664,54,24,-1
152,1,25.564,3.617,3.724,1804,326,1796,272,64,62,-1,1764,684,1764,666,54,24,-1
153,1,25.45,3.766,3.745,1798,332,1792,282,58,54,-1,1762,685,1762,666,54,24,-1
154,1,25.335,3.866,3.737,1794,336,1788,294,50,48,-1,1758,685,1758,666,56,24,-1
155,1,25.256,3.953,3.788,1790,340,1784,298,48,48,-1,1756,687,1756,666,56,26,-1
156,1,25.146,4.046,3.808,1786,344,1778,302,52,48,-1,1752,688,1752,668,56,24,-1
157,1,25.006,4.192,3.826,1780,350,1774,304,54,50,-1,1748,689,1748,668,56,26,-1
158,1,24.949,4.242,3.822,1778,352,1770,304,56,54,-1,1746,689,1746,670,56,24,-1
159,1,24.848,4.276,3.874,1774,354,1766,308,58,54,-1,1742,691,1742,670,58,26,-1
160,1,24.765,4.372,3.897,1770,358,1762,312,58,54,-1,1740,692,1740,670,58,26,-1
161,1,24.626,4.519,3.915,1764,364,1758,316,58,54,-1,1736,693,1736,670,58,26,-1
162,1,24.539,4.623,3.909,1760,368,1754,318,60,54,-1,1734,693,1734,672,56,26,-1
163,1,24.486,4.665,3.932,1758,370,1752,328,52,48,-1,1732,694,1732,674,56,24,-1
164,1,24.377,4.758,3.952,1754,374,1748,330,52,50,-1,1728,695,1728,674,58,24,-1
165,1,24.294,4.855,3.974,1750,378,1744,334,54,48,-1,1726,696,1726,674,62,26,-1
166,1,24.234,4.912,3.942,1748,380,1740,336,56,50,-1,1724,695,1724,676,58,24,-1
167,1,24.152,5.009,3.963,1744,384,1738,338,56,52,-1,1722,696,1722,676,58,26,-1
168,1,24.099,5.052,3.987,1742,386,1734,340,56,52,-1,1720,697,1720,676,60,26,-1
169,1,23.962,5.205,4.009,1734,392,1732,344,56,52,-1,1718,698,1718,676,58,26,-1
170,1,23.936,5.202,4.007,1734,392,1728,346,58,52,-1,1716,698,1716,678,60,26,-1
171,1,23.907,5.242,4.028,1734,394,1726,350,56,50,-1,1714,699,1714,678,58,26,-1
172,1,23.844,5.387,4.043,1732,400,1728,354,50,52,-1,1712,700,1712,678,58,28,-1
173,1,23.899,5.593,4.028,1734,408,1730,354,38,60,-1,1716,700,1716,678,52,28,-1
174,1,23.912,5.742,4.045,1734,414,1728,356,30,66,-1,1718,701,1718,680,40,28,-1
176,1,23.603,6.178,4.122,1720,432,1714,372,38,66,-1,1710,705,1710,686,28,24,-1
177,1,23.434,6.423,4.159,1712,442,1708,382,40,64,-1,1706,707,1706,688,28,22,-1
178,1,23.315,6.619,4.168,1708,450,1702,390,44,66,-1,1702,708,1702,688,32,26,-1
179,1,23.168,6.868,4.175,1702,460,1698,396,44,68,-1,1698,709,1698,690,36,26,-1
180,1,23.079,7.06,4.213,1698,468,1694,404,42,70,-1,1696,711,1696,692,40,24,-1
181,1,22.991,7.253,4.251,1694,476,1690,412,40,68,-1,1694,713,1694,692,40,26,-1
182,1,22.899,7.452,4.261,1690,484,1686,420,38,68,-1,1692,714,1692,694,38,26,-1
183,1,22.79,7.592,4.301,1686,490,1682,428,38,68,-1,1688,716,1688,696,42,26,-1
184,1,22.702,7.786,4.338,1682,498,1678,434,38,68,-1,1686,718,1686,696,38,28,-1
185,1,22.608,7.99,4.321,1678,506,1674,442,38,68,-1,1684,718,1684,696,36,28,-1
186,1,22.579,8.078,4.363,1678,510,1672,448,36,70,-1,1682,720,1682,698,34,28,-1
187,1,22.489,8.283,4.376,1672,518,1668,452,38,72,-1,1682,721,1682,702,30,24,-1
188,1,22.43,8.424,4.414,1670,524,1666,462,36,68,-1,1680,723,1680,702,30,26,-1
189,1,22.347,8.569,4.454,1666,530,1662,468,36,68,-1,1678,725,1678,702,30,28,-1
190,1,22.425,8.703,4.63,1664,536,1660,472,36,70,-1,1686,732,1676,704,28,28,-1
191,1,22.232,8.806,4.508,1662,540,1658,476,36,70,-1,1674,728,1674,706,30,28,-1
192,1,22.175,8.902,4.525,1660,544,1654,482,36,70,-1,1672,729,1672,708,30,26,-1
193,1,22.215,9.032,4.697,1658,550,1652,488,36,70,-1,1677,736,1672,708,28,28,-1
194,1,22.049,9.252,4.546,1654,558,1650,496,34,66,-1,1670,731,1670,710,30,26,-1
195,1,21.971,9.347,4.589,1650,562,1646,498,38,70,-1,1668,733,1668,710,32,30,-1
196,1,21.935,9.49,4.598,1650,568,1646,504,36,68,-1,1666,734,1666,712,30,28,-1
197,1,22.111,9.617,4.792,1654,574,1650,510,26,68,-1,1676,742,1666,708,32,34,-1
198,1,22.198,9.809,4.877,1656,582,1650,518,14,68,-1,1682,746,1668,708,34,38,-1
200,1,22.174,10.129,5.095,1654,596,1648,530,14,74,-1,1683,756,1668,714,22,42,-1
201,1,22.044,10.423,5.165,1648,608,1644,548,18,68,-1,1680,760,1668,716,22,44,-1
202,1,21.826,10.858,4.183,1644,620,1640,560,22,66,-1,1675,722,1670,722,20,44,-1
203,1,21.913,10.952,5.356,1642,630,1638,566,24,70,-1,1678,770,1670,724,18,46,-1
204,1,21.884,11.157,4.954,1642,636,1638,576,20,70,-1,1679,754,1670,728,18,48,-1
205,1,21.873,11.342,5.055,1642,644,1636,584,18,70,-1,1679,759,1670,734,18,46,-1
206,1,21.829,11.639,5.089,1640,656,1636,594,16,70,-1,1679,762,1672,734,16,50,-1
207,1,21.786,11.963,4.474,1640,666,1634,600,16,74,-1,1682,738,1670,738,18,50,-1
208,1,21.844,12.066,5.762,1638,676,1634,608,14,72,-1,1682,792,1672,744,18,48,-1
209,1,21.869,12.155,5.896,1638,680,1634,618,12,70,-1,1684,798,1672,746,18,52,-1
210,1,21.833,12.306,5.926,1636,686,1632,628,14,68,-1,1684,800,1672,754,18,46,-1
211,1,21.821,12.5,5.996,1636,694,1632,632,12,70,-1,1684,804,1672,754,20,50,-1
212,1,21.81,12.797,6.052,1636,706,1630,642,14,68,-1,1685,808,1672,756,20,52,-1
213,1,21.799,12.844,6.144,1634,708,1630,652,14,64,-1,1686,812,1672,758,22,54,-1
214,1,21.799,12.994,6.171,1634,714,1630,652,12,72,-1,1687,814,1672,762,22,52,-1
215,1,21.823,13.187,6.237,1636,722,1630,660,12,70,-1,1688,818,1672,766,22,52,-1
216,1,21.943,13.279,6.367,1640,726,1628,662,18,70,-1,1694,824,1674,768,26,56,-1
217,1,22.085,13.475,6.432,1646,734,1626,682,24,56,-1,1701,828,1672,774,36,54,-1
218,1,22.103,13.671,6.642,1644,742,1626,686,24,60,-1,1705,838,1668,778,42,60,-1
219,1,22.071,13.866,6.801,1642,750,1630,696,18,58,-1,1705,846,1664,782,46,64,-1
220,1,22.088,14.0,7.06,1642,756,1636,706,10,58,-1,1706,858,1666,786,44,72,-1
246,1,22.619,17.711,10.388,1648,900,1642,842,20,62,-1,1759,1038,1742,946,24,92,-1
247,1,22.701,17.767,10.637,1650,902,1644,852,10,58,-1,1763,1050,1742,952,28,98,-1
248,1,22.635,17.992,10.8,1646,910,1642,870,12,46,-1,1763,1060,1742,962,28,98,-1
249,1,22.686,18.098,10.989,1648,914,1642,870,12,52,-1,1765,1070,1742,974,30,96,-1
250,1,22.671,18.214,11.178,1646,918,1640,878,14,50,-1,1766,1080,1740,970,34,110,-1
251,1,22.622,18.546,11.219,1644,930,1640,882,14,50,-1,1767,1086,1746,984,28,102,-1
252,1,22.675,18.545,11.434,1646,930,1640,888,12,50,-1,1768,1096,1750,1002,26,94,-1
253,1,22.665,18.775,11.587,1644,938,1640,890,12,52,-1,1771,1106,1752,1008,26,98,-1
254,1,22.709,18.828,11.743,1646,940,1640,894,12,54,-1,1772,1114,1754,1018,26,96,-1
255,1,22.717,18.942,11.882,1646,944,1640,900,10,52,-1,1773,1122,1754,1026,28,96,-1
256,1,22.703,19.173,11.988,1644,952,1640,900,10,56,-1,1776,1130,1756,1034,26,96,-1
257,1,22.722,19.178,12.116,1644,952,1638,912,12,48,-1,1777,1136,1756,1034,28,102,-1
258,1,22.687,19.407,12.219,1642,960,1638,912,12,52,-1,1778,1144,1756,1038,28,106,-1
259,1,22.692,19.521,12.313,1642,964,1638,914,10,54,-1,1779,1150,1754,1036,32,114,-1
260,1,22.723,19.529,12.481,1642,964,1638,924,10,48,-1,1781,1158,1756,1040,32,118,-1
261,1,22.728,19.644,12.573,1642,968,1638,926,10,50,-1,1782,1164,1754,1048,36,116,-1
262,1,22.736,19.86,12.63,1644,976,1638,928,10,52,-1,1782,1170,1756,1058,34,112,-1
263,1,22.729,19.928,12.738,1642,978,1638,930,10,54,-1,1784,1176,1756,1064,34,112,-1
264,1,22.733,20.044,12.827,1642,982,1636,936,10,52,-1,1785,1182,1758,1070,34,112,-1
265,1,22.737,20.159,12.917,1642,986,1636,940,10,50,-1,1786,1188,1758,1078,36,110,-1
266,1,22.755,20.166,13.041,1642,986,1636,942,10,52,-1,1787,1194,1758,1084,36,110,-1
267,1,22.765,20.283,13.088,1642,990,1636,944,10,54,-1,1789,1198,1758,1088,38,110,-1
268,1,22.789,20.348,13.235,1642,992,1636,946,10,54,-1,1791,1206,1758,1096,40,110,-1
269,1,22.78,20.461,13.281,1642,996,1636,952,10,52,-1,1791,1210,1758,1104,40,106,-1
270,1,22.754,20.638,13.307,1640,1002,1636,956,10,50,-1,1793,1214,1758,1108,42,106,-1
271,1,22.735,20.749,13.352,1640,1006,1636,956,10,54,-1,1792,1218,1760,1114,40,104,-1
272,1,22.755,20.814,13.455,1640,1008,1636,958,10,54,-1,1794,1224,1760,1122,42,102,-1
273,1,22.792,20.826,13.577,1640,1008,1636,960,10,56,-1,1797,1230,1760,1124,44,106,-1
274,1,22.804,20.988,13.602,1642,1014,1634,962,12,56,-1,1797,1234,1760,1132,44,102,-1
275,1,22.787,20.998,13.642,1640,1014,1634,968,12,54,-1,1798,1236,1760,1136,44,100,-1
276,1,22.778,21.112,13.685,1640,1018,1634,970,10,54,-1,1798,1240,1762,1142,44,98,-1
277,1,22.79,21.231,13.768,1640,1022,1634,970,10,56,-1,1800,1246,1758,1146,50,100,-1
278,1,22.804,21.292,13.788,1640,1024,1634,970,12,60,-1,1802,1248,1758,1150,52,98,-1
279,1,22.823,21.4,13.831,1642,1028,1634,974,10,58,-1,1802,1252,1760,1156,50,96,-1
280,1,22.803,21.524,13.871,1640,1032,1634,976,12,58,-1,1804,1256,1760,1158,50,98,-1
281,1,22.894,21.466,13.972,1644,1030,1632,976,16,60,-1,1806,1260,1762,1164,52,96,-1
282,1,22.981,21.527,13.95,1646,1032,1630,984,22,54,-1,1813,1260,1772,1172,48,88,-1
283,1,23.044,21.758,13.99,1648,1040,1628,992,26,52,-1,1819,1266,1768,1180,58,86,-1
284,1,23.07,21.823,14.049,1648,1042,1630,996,24,52,-1,1822,1270,1766,1184,62,86,-1
285,1,23.093,21.99,14.109,1650,1048,1632,998,22,56,-1,1823,1276,1764,1194,66,82,-1
286,1,23.074,22.117,14.186,1648,1052,1636,1002,18,58,-1,1825,1282,1760,1196,72,86,-1
287,1,23.08,22.405,14.202,1648,1062,1638,1008,16,58,-1,1829,1288,1758,1198,76,90,-1
288,1,23.114,22.404,14.281,1650,1062,1640,1012,14,58,-1,1829,1292,1758,1204,78,88,-1
289,1,23.069,22.692,14.256,1648,1072,1642,1016,12,60,-1,1831,1296,1770,1214,68,82,-1
290,1,23.087,22.759,14.351,1648,1074,1644,1024,10,54,-1,1833,1302,1772,1218,68,84,-1
291,1,23.044,22.768,14.429,1646,1074,1642,1022,12,60,-1,1831,1306,1778,1220,62,86,-1
292,1,22.977,22.884,14.465,1644,1078,1640,1028,14,58,-1,1828,1310,1782,1228,58,82,-1
293,1,22.91,23.056,14.48,1642,1084,1638,1036,18,52,-1,1826,1314,1784,1234,54,80,-1
294,1,22.772,23.094,13.699,1640,1088,1636,1038,20,54,-1,1821,1275,1786,1236,52,84,-1
295,1,22.878,23.187,14.63,1640,1088,1636,1044,20,52,-1,1826,1324,1800,1236,38,88,-1
296,1,22.822,23.18,13.948,1640,1090,1634,1048,22,50,-1,1825,1289,1812,1244,26,86,-1
297,1,22.666,23.205,13.076,1638,1094,1632,1050,24,52,-1,1819,1246,1814,1246,24,88,-1
298,1,22.798,23.499,14.828,1636,1098,1632,1050,24,54,-1,1826,1340,1814,1242,26,98,-1
299,1,22.739,23.67,14.8,1634,1104,1632,1054,22,54,-1,1825,1342,1814,1244,24,98,-1
300,1,22.743,23.677,14.876,1634,1104,1630,1054,24,54,-1,1825,1346,1814,1246,24,100,-1
301,1,22.745,23.608,14.212,1636,1104,1630,1054,24,58,-1,1826,1311,1814,1260,24,92,-1
302,1,22.691,23.782,14.227,1634,1110,1630,1058,22,56,-1,1825,1315,1814,1266,24,90,-1
303,1,22.699,23.732,14.286,1634,1108,1630,1062,20,54,-1,1825,1317,1814,1268,22,90,-1
304,1,22.707,23.994,15.144,1632,1114,1628,1064,20,54,-1,1826,1366,1814,1264,24,102,-1
305,1,22.682,23.902,14.325,1634,1114,1628,1070,18,52,-1,1825,1322,1812,1268,26,102,-1
306,1,22.645,23.966,14.345,1632,1116,1628,1070,18,54,-1,1825,1324,1812,1272,26,100,-1
307,1,22.622,24.126,14.283,1632,1122,1628,1070,18,56,-1,1825,1324,1812,1276,26,92,-1
308,1,22.619,24.128,14.314,1632,1122,1626,1074,18,56,-1,1824,1326,1810,1278,28,86,-1
309,1,22.609,24.181,14.293,1632,1124,1626,1076,18,56,-1,1824,1326,1814,1282,22,82,-1
310,1,22.636,24.321,14.971,1630,1126,1626,1074,18,58,-1,1827,1364,1812,1286,24,78,-1
311,1,22.549,24.346,14.239,1630,1130,1626,1076,18,58,-1,1823,1326,1812,1286,24,76,-1
312,1,22.562,24.246,13.443,1634,1130,1628,1078,14,58,-1,1824,1284,1812,1284,26,78,-1
313,1,22.816,24.45,14.797,1640,1132,1626,1082,20,56,-1,1834,1358,1808,1290,40,68,-1
314,1,22.819,24.384,13.497,1648,1136,1624,1088,28,52,-1,1832,1290,1802,1290,56,62,-1
315,1,23.247,24.634,14.356,1654,1140,1622,1094,34,48,-1,1866,1339,1798,1294,68,58,-1
316,1,23.285,24.652,14.315,1652,1140,1622,1098,38,50,-1,1874,1337,1794,1296,80,56,-1
317,1,23.351,24.799,14.216,1656,1146,1622,1096,40,58,-1,1878,1335,1790,1302,88,48,-1
318,1,23.416,24.911,14.192,1658,1150,1628,1104,36,52,-1,1884,1336,1790,1302,94,46,-1
319,1,23.479,25.018,14.131,1660,1154,1630,1108,38,54,-1,1890,1335,1788,1308,102,40,-1
320,1,23.594,25.168,14.088,1666,1160,1632,1110,38,56,-1,1896,1336,1786,1308,110,38,-1
321,1,23.658,25.313,13.991,1670,1166,1636,1114,36,56,-1,1900,1334,1784,1308,116,38,-1
322,1,23.681,25.334,14.006,1668,1166,1638,1118,38,56,-1,1906,1335,1786,1306,120,40,-1
323,1,23.725,25.437,13.947,1670,1170,1640,1120,38,58,-1,1910,1334,1788,1306,122,40,-1
324,1,23.791,25.585,13.886,1674,1176,1642,1124,36,56,-1,1914,1334,1800,1306,114,40,-1
325,1,23.824,25.591,13.867,1674,1176,1644,1126,38,58,-1,1918,1333,1810,1306,108,38,-1
326,1,23.911,25.785,13.805,1680,1184,1646,1128,36,60,-1,1922,1334,1798,1306,124,40,-1
327,1,23.935,25.845,13.784,1680,1186,1650,1132,34,58,-1,1926,1334,1810,1306,116,38,-1
328,1,24.009,25.94,13.744,1684,1190,1650,1134,36,60,-1,1930,1334,1808,1304,122,42,-1
329,1,24.032,25.997,13.705,1684,1192,1652,1136,36,60,-1,1934,1333,1818,1304,116,42,-1
330,1,24.069,26.045,13.685,1686,1194,1654,1138,36,60,-1,1936,1333,1820,1304,116,42,-1
331,1,24.074,26.063,13.701,1684,1194,1656,1142,36,60,-1,1940,1334,1826,1304,114,42,-1
332,1,24.121,26.203,13.624,1688,1200,1650,1132,44,74,-1,1942,1333,1832,1304,110,40,-1
333,1,24.174,26.254,13.604,1690,1202,1658,1148,36,58,-1,1946,1333,1834,1304,112,42,-1
334,1,24.2,26.318,13.618,1690,1204,1660,1148,34,60,-1,1950,1335,1828,1304,122,42,-1
335,1,24.236,26.366,13.598,1692,1206,1662,1150,34,62,-1,1952,1335,1832,1304,120,42,-1
336,1,24.242,26.418,13.56,1692,1208,1664,1154,34,60,-1,1954,1334,1840,1304,114,40,-1
337,1,24.3,26.511,13.539,1696,1212,1664,1156,34,60,-1,1956,1335,1846,1304,110,42,-1
338,1,24.304,26.529,13.554,1694,1212,1666,1160,34,58,-1,1960,1336,1840,1304,120,42,-1
339,1,24.361,26.619,13.515,1698,1216,1666,1160,34,60,-1,1962,1336,1846,1304,116,42,-1
340,1,24.348,26.631,13.514,1696,1216,1666,1160,36,62,-1,1964,1336,1844,1304,120,44,-1
341,1,24.396,26.773,13.473,1700,1222,1662,1150,42,76,-1,1966,1337,1848,1304,118,42,-1
342,1,24.408,26.739,13.491,1698,1220,1670,1164,34,62,-1,1970,1337,1850,1304,120,44,-1
343,1,24.423,26.741,13.473,1698,1220,1672,1168,32,58,-1,1972,1336,1850,1302,122,48,-1
344,1,24.479,26.83,13.435,1702,1224,1672,1168,34,62,-1,1974,1336,1850,1304,124,48,-1
345,1,24.487,26.887,13.432,1702,1226,1672,1170,34,60,-1,1976,1337,1856,1304,120,46,-1
346,1,24.525,26.939,13.446,1704,1228,1672,1170,36,62,-1,1978,1339,1870,1304,108,44,-1
347,1,24.495,26.944,13.428,1702,1228,1674,1174,34,60,-1,1978,1338,1872,1304,106,46,-1
348,1,24.41,27.115,13.401,1698,1234,1676,1176,26,60,-1,1978,1340,1870,1304,108,50,-1
349,1,24.24,27.222,13.36,1692,1238,1684,1180,16,60,-1,1970,1340,1874,1304,96,46,-1
350,1,24.11,27.274,13.357,1688,1240,1684,1184,16,60,-1,1962,1341,1886,1300,76,52,-1
351,1,24.104,27.329,13.371,1688,1242,1684,1184,14,66,-1,1962,1343,1896,1298,66,52,-1
352,1,24.016,27.484,13.464,1688,1248,1684,1190,14,66,-1,1953,1352,1914,1302,50,50,-1
353,1,24.028,27.686,13.418,1690,1256,1684,1200,12,64,-1,1955,1354,1928,1306,38,48,-1
354,1,23.976,27.999,13.295,1688,1268,1684,1198,12,74,-1,1959,1354,1932,1304,36,50,-1
355,1,23.999,27.995,13.33,1690,1268,1684,1214,10,62,-1,1958,1356,1930,1298,42,58,-1
356,1,23.974,28.267,13.26,1688,1278,1682,1212,14,74,-1,1964,1358,1932,1308,40,50,-1
357,1,23.953,28.385,13.252,1686,1282,1682,1220,12,70,-1,1967,1360,1932,1312,42,48,-1
358,1,23.906,28.481,13.245,1686,1286,1680,1222,14,74,-1,1963,1362,1932,1312,44,50,-1
359,1,23.893,28.683,13.164,1686,1294,1680,1224,14,78,-1,1966,1362,1930,1310,46,52,-1
360,1,23.877,28.787,13.157,1686,1298,1680,1236,14,70,-1,1966,1364,1930,1310,48,54,-1
361,1,23.849,28.852,13.168,1684,1300,1680,1240,14,68,-1,1967,1366,1930,1310,50,56,-1
362,1,23.646,28.823,12.708,1678,1302,1674,1234,22,74,-1,1956,1338,1932,1312,44,52,-1
363,1,23.584,28.834,12.687,1674,1302,1670,1234,30,74,-1,1956,1337,1936,1312,40,50,-1
364,1,23.546,28.888,12.652,1672,1304,1670,1244,32,64,-1,1956,1336,1932,1308,44,52,-1
365,1,23.53,28.905,12.685,1670,1304,1666,1248,38,62,-1,1958,1338,1930,1308,46,54,-1
366,1,23.498,28.907,12.653,1668,1304,1664,1246,40,66,-1,1957,1336,1932,1312,46,48,-1
367,1,23.218,28.901,12.638,1666,1306,1660,1246,42,66,-1,1926,1337,1926,1312,56,52,-1
368,1,23.136,28.746,12.631,1662,1300,1654,1244,46,64,-1,1920,1333,1920,1308,56,54,-1
369,1,22.909,28.738,12.564,1654,1300,1650,1256,50,46,-1,1906,1329,1906,1306,66,54,-1
370,1,22.815,28.618,12.538,1652,1296,1646,1262,58,38,-1,1896,1325,1896,1304,84,56,-1
371,1,22.755,28.536,12.461,1652,1294,1642,1268,62,32,-1,1888,1319,1888,1302,96,58,-1
372,1,22.57,28.594,12.407,1644,1296,1638,1274,64,26,-1,1880,1317,1880,1304,108,52,-1
373,1,22.464,28.591,12.374,1640,1296,1634,1278,66,24,-1,1874,1315,1874,1304,118,50,-1
374,1,22.352,28.641,12.338,1636,1298,1630,1280,68,22,-1,1868,1314,1868,1302,128,48,-1
375,1,22.234,28.641,12.337,1632,1298,1626,1280,66,24,-1,1860,1314,1860,1300,136,46,-1
376,1,22.121,28.687,12.285,1628,1300,1622,1280,66,24,-1,1854,1312,1854,1298,144,46,-1
377,1,22.045,28.681,12.269,1626,1300,1618,1280,66,26,-1,1848,1311,1848,1296,156,48,-1
378,1,21.951,28.736,12.249,1622,1302,1616,1280,64,28,-1,1844,1311,1844,1296,156,46,-1
379,1,21.919,28.727,12.233,1622,1302,1612,1280,64,28,-1,1840,1310,1840,1294,142,40,-1
380,1,21.78,28.786,12.212,1616,1304,1608,1280,66,30,-1,1834,1310,1834,1294,142,38,-1
381,1,21.686,28.841,12.192,1612,1306,1606,1280,64,32,-1,1830,1310,1830,1292,144,40,-1
382,1,21.626,28.839,12.176,1610,1306,1602,1280,64,32,-1,1826,1309,1826,1292,142,40,-1
383,1,21.531,28.891,12.14,1606,1308,1600,1280,66,34,-1,1822,1308,1822,1290,138,40,-1
386,1,21.303,28.94,12.103,1598,1310,1592,1282,66,32,-1,1808,1307,1808,1286,138,42,-1
387,1,21.215,28.944,12.086,1594,1310,1588,1282,68,32,-1,1804,1306,1804,1284,134,42,-1
388,1,21.112,28.944,12.069,1590,1310,1584,1280,74,34,-1,1798,1305,1798,1282,144,44,-1
389,1,21.07,28.88,12.057,1590,1308,1582,1280,76,34,-1,1792,1303,1792,1282,136,46,-1
390,1,20.949,28.942,12.036,1584,1310,1578,1282,80,32,-1,1788,1303,1788,1280,142,50,-1
391,1,20.89,28.942,12.035,1582,1310,1576,1284,80,30,-1,1784,1303,1784,1280,146,50,-1
392,1,20.815,28.936,12.019,1580,1310,1574,1284,80,30,-1,1778,1302,1778,1278,150,52,-1
394,1,20.678,28.994,11.999,1574,1312,1570,1290,72,24,-1,1772,1302,1772,1280,154,46,-1
395,1,20.619,28.995,11.998,1572,1312,1566,1284,86,32,-1,1768,1302,1768,1280,158,46,-1
396,1,20.649,28.836,12.039,1574,1306,1564,1282,82,30,-1,1766,1301,1766,1278,150,40,-1
397,1,20.549,28.62,12.001,1570,1298,1564,1280,78,30,-1,1758,1294,1758,1274,144,50,-1
398,1,20.514,28.436,11.911,1570,1292,1562,1284,76,28,-1,1752,1285,1752,1274,146,52,-1
399,1,20.477,28.317,11.818,1568,1288,1560,1280,76,34,-1,1750,1277,1750,1270,130,60,-1
400,1,20.408,28.194,11.74,1566,1284,1558,1278,70,38,-1,1744,1270,1744,1264,132,62,-1
401,1,20.291,28.128,11.66,1562,1282,1552,1274,70,42,-1,1736,1264,1736,1260,140,68,-1
402,1,20.147,28.072,11.611,1556,1280,1546,1272,66,42,-1,1728,1260,1728,1254,152,72,-1
403,1,19.948,27.962,11.547,1548,1276,1540,1270,64,40,-1,1716,1254,1716,1248,164,86,-1
404,1,19.815,27.896,11.482,1544,1274,1536,1266,66,42,-1,1706,1249,1706,1244,162,76,-1
405,1,19.676,27.794,11.467,1538,1270,1530,1264,68,40,-1,1698,1246,1698,1240,168,92,-1
406,1,19.56,27.736,11.434,1534,1268,1526,1262,68,40,-1,1690,1243,1690,1238,158,76,-1
407,1,19.442,27.672,11.368,1530,1266,1522,1260,66,36,-1,1682,1238,1682,1234,154,70,-1
408,1,19.309,27.609,11.319,1526,1264,1516,1258,70,38,-1,1672,1234,1672,1230,170,88,-1
409,1,19.209,27.556,11.303,1522,1262,1514,1256,64,36,-1,1666,1232,1666,1226,172,90,-1
410,1,19.092,27.499,11.27,1518,1260,1508,1252,70,42,-1,1658,1229,1658,1222,172,76,-1
411,1,19.018,27.435,11.22,1516,1258,1504,1250,70,42,-1,1652,1225,1652,1220,158,72,-1
412,1,18.89,27.388,11.203,1510,1256,1500,1248,70,42,-1,1646,1223,1646,1218,160,68,-1
413,1,18.79,27.335,11.186,1506,1254,1498,1248,64,38,-1,1640,1221,1640,1214,154,72,-1
414,1,18.716,27.272,11.136,1504,1252,1496,1246,48,30,-1,1634,1217,1634,1212,150,70,-1
415,1,18.638,27.261,11.086,1502,1252,1492,1244,48,30,-1,1628,1214,1628,1208,152,72,-1
416,1,18.514,27.163,11.085,1496,1248,1488,1242,48,30,-1,1622,1212,1622,1206,150,70,-1
417,1,18.439,27.103,11.051,1494,1246,1486,1240,50,34,-1,1616,1209,1616,1204,146,68,-1
418,1,18.355,27.052,11.034,1490,1244,1482,1238,50,34,-1,1612,1207,1612,1202,146,66,-1
419,1,18.277,27.045,11.0,1488,1244,1480,1236,52,34,-1,1606,1205,1606,1200,156,72,-1
420,1,18.179,26.94,10.982,1484,1240,1476,1234,54,36,-1,1600,1202,1600,1196,154,74,-1
421,1,18.118,26.937,10.965,1482,1240,1474,1232,54,36,-1,1596,1201,1596,1196,152,68,-1
422,1,18.044,26.877,10.931,1480,1238,1470,1232,54,34,-1,1590,1198,1590,1192,154,70,-1
423,1,17.959,26.826,10.913,1476,1236,1468,1230,56,36,-1,1586,1196,1586,1190,150,72,-1
424,1,17.901,26.774,10.912,1474,1234,1466,1228,56,38,-1,1582,1195,1582,1188,148,70,-1
425,1,17.84,26.766,10.861,1472,1234,1464,1226,54,36,-1,1578,1192,1578,1186,148,72,-1
426,1,17.758,26.67,10.893,1468,1230,1460,1224,54,38,-1,1574,1192,1574,1186,144,70,-1
427,1,17.697,26.662,10.842,1466,1230,1458,1224,58,38,-1,1570,1189,1570,1184,144,68,-1
428,1,17.663,26.656,10.825,1466,1230,1456,1222,60,40,-1,1566,1188,1566,1182,146,68,-1
429,1,17.581,26.555,10.823,1462,1226,1454,1220,58,40,-1,1562,1186,1562,1180,138,66,-1
430,1,17.495,26.503,10.804,1458,1224,1452,1220,58,38,-1,1558,1184,1558,1178,144,70,-1
431,1,17.461,26.497,10.788,1458,1224,1450,1218,60,40,-1,1554,1183,1554,1178,140,66,-1
432,1,17.417,26.493,10.753,1456,1224,1448,1216,58,40,-1,1552,1181,1552,1176,138,68,-1
433,1,17.334,26.392,10.75,1452,1220,1446,1214,58,42,-1,1548,1179,1548,1174,140,70,-1
434,1,17.3,26.389,10.751,1452,1220,1444,1214,60,42,-1,1544,1179,1544,1172,140,70,-1
435,1,17.258,26.335,10.732,1450,1218,1442,1212,60,42,-1,1542,1177,1542,1172,136,66,-1
436,1,17.195,26.383,10.699,1448,1220,1440,1214,56,38,-1,1538,1176,1538,1170,140,68,-1
437,1,17.039,26.545,10.701,1442,1226,1434,1218,58,28,-1,1530,1179,1530,1172,140,68,-1
438,1,16.914,26.822,10.737,1436,1236,1432,1216,56,24,-1,1526,1186,1526,1172,130,64,-1
439,1,16.879,27.042,10.771,1434,1244,1430,1216,52,34,-1,1526,1192,1526,1170,118,56,-1
440,1,16.831,27.161,10.838,1432,1248,1426,1214,52,42,-1,1524,1198,1524,1160,112,58,-1
441,1,16.694,27.331,10.87,1426,1254,1420,1212,52,48,-1,1518,1203,1518,1160,118,52,-1
442,1,16.554,27.445,10.919,1422,1258,1416,1214,50,50,-1,1508,1208,1508,1160,116,56,-1
443,1,16.374,27.616,10.949,1414,1264,1408,1218,54,52,-1,1500,1213,1500,1162,112,58,-1
444,1,16.251,27.729,10.98,1410,1268,1402,1220,56,54,-1,1492,1217,1492,1164,100,60,-1
445,1,16.057,27.896,10.992,1402,1274,1396,1224,60,56,-1,1482,1221,1482,1166,110,64,-1
446,1,15.891,28.014,11.038,1396,1278,1390,1228,62,56,-1,1472,1226,1472,1158,118,76,-1
447,1,15.759,28.131,11.067,1390,1282,1384,1234,64,54,-1,1466,1230,1466,1164,112,74,-1
448,1,15.665,28.185,11.082,1388,1284,1380,1238,64,52,-1,1458,1232,1458,1172,116,70,-1
449,1,15.544,28.302,11.128,1384,1288,1376,1244,62,50,-1,1450,1237,1450,1174,122,72,-1
450,1,15.455,28.414,11.14,1380,1292,1374,1246,62,52,-1,1446,1240,1446,1176,124,72,-1
451,1,15.351,28.524,11.152,1376,1296,1370,1250,62,52,-1,1440,1243,1440,1178,128,72,-1
452,1,15.334,28.53,11.184,1376,1296,1368,1250,62,54,-1,1438,1245,1438,1180,112,72,-1
453,1,15.246,28.684,11.146,1372,1302,1366,1252,58,56,-1,1434,1246,1434,1182,112,72,-1
454,1,15.201,28.791,11.142,1370,1306,1364,1256,56,56,-1,1432,1248,1432,1182,108,74,-1
455,1,15.142,28.841,11.124,1368,1308,1362,1256,52,58,-1,1428,1248,1428,1182,110,76,-1
456,1,15.098,28.898,11.137,1366,1310,1360,1256,52,60,-1,1426,1250,1426,1182,104,78,-1
457,1,15.038,28.952,11.135,1364,1312,1358,1256,54,62,-1,1422,1251,1422,1184,106,76,-1
458,1,14.953,28.951,11.117,1360,1312,1354,1256,60,62,-1,1418,1250,1418,1186,116,74,-1
459,1,14.879,28.942,11.07,1358,1312,1352,1254,62,64,-1,1412,1247,1412,1192,116,66,-1
460,1,14.837,28.94,11.053,1356,1312,1350,1256,62,60,-1,1410,1246,1410,1190,114,66,-1
461,1,14.705,28.823,10.993,1352,1308,1344,1252,68,62,-1,1400,1240,1400,1182,122,74,-1
462,1,14.537,28.697,10.865,1344,1304,1342,1268,62,40,-1,1392,1230,1392,1192,118,62,-1
463,1,14.491,28.516,10.759,1344,1298,1336,1278,70,30,-1,1386,1220,1386,1198,112,62,-1
464,1,14.349,28.445,10.646,1338,1296,1332,1284,74,22,-1,1378,1212,1378,1196,124,64,-1
465,1,14.195,28.437,10.578,1330,1296,1326,1290,78,16,-1,1372,1208,1372,1202,132,60,-1
466,1,14.088,28.378,10.548,1328,1294,1322,1288,80,18,-1,1362,1205,1362,1198,144,62,-1
467,1,13.945,28.372,10.498,1322,1294,1316,1288,80,18,-1,1354,1202,1354,1196,156,62,-1
468,1,13.812,28.361,10.433,1318,1294,1310,1288,74,16,-1,1344,1198,1344,1192,170,70,-1
469,1,13.712,28.357,10.4,1314,1294,1306,1288,72,16,-1,1338,1196,1338,1190,162,56,-1
470,1,13.567,28.305,10.382,1308,1292,1300,1286,76,16,-1,1330,1194,1330,1186,160,56,-1
471,1,13.425,28.298,10.332,1302,1292,1296,1286,78,16,-1,1322,1191,1322,1184,174,74,-1
472,1,13.325,28.287,10.267,1298,1292,1292,1286,74,14,-1,1316,1187,1316,1180,182,58,-1
473,1,13.208,28.286,10.25,1294,1292,1288,1286,78,14,-1,1308,1186,1308,1178,182,54,-1
474,1,13.108,28.278,10.201,1290,1292,1284,1286,78,14,-1,1302,1183,1302,1176,174,54,-1
475,1,12.954,28.278,10.181,1282,1292,1280,1286,74,14,-1,1296,1182,1296,1174,158,52,-1
476,1,12.853,28.276,10.164,1278,1292,1276,1284,78,14,-1,1290,1181,1290,1172,182,64,-1
477,1,12.754,28.268,10.114,1274,1292,1272,1284,80,14,-1,1284,1178,1284,1170,170,52,-1
478,1,12.653,28.264,10.081,1270,1292,1268,1284,82,14,-1,1278,1176,1278,1168,162,50,-1
479,1,12.579,28.262,10.065,1268,1292,1264,1284,84,14,-1,1272,1175,1272,1166,182,60,-1
480,1,12.495,28.26,10.047,1264,1292,1262,1282,80,16,-1,1268,1174,1268,1166,156,44,-1
481,1,12.471,28.207,10.035,1266,1290,1258,1282,78,16,-1,1262,1172,1262,1164,178,50,-1
482,1,12.424,28.203,10.004,1266,1290,1254,1282,80,16,-1,1256,1170,1256,1162,178,52,-1
483,1,12.313,28.201,9.985,1260,1290,1252,1282,80,16,-1,1252,1169,1252,1160,162,52,-1
484,1,12.282,28.196,9.954,1260,1290,1250,1284,80,14,-1,1248,1167,1248,1160,158,48,-1
485,1,12.171,28.197,9.951,1254,1290,1246,1284,82,12,-1,1244,1167,1244,1158,160,48,-1
486,1,12.123,28.193,9.921,1254,1290,1242,1282,84,14,-1,1238,1165,1238,1156,182,60,-1
487,1,12.013,28.191,9.901,1248,1290,1240,1282,84,14,-1,1234,1164,1234,1156,162,48,-1
488,1,11.98,28.193,9.903,1248,1290,1236,1282,86,14,-1,1230,1164,1230,1156,154,42,-1
489,1,11.828,28.187,9.866,1240,1290,1234,1282,84,14,-1,1224,1162,1224,1154,178,50,-1
490,1,11.769,28.188,9.866,1238,1290,1232,1282,82,14,-1,1220,1162,1220,1152,158,50,-1
491,1,11.712,28.183,9.833,1236,1290,1230,1282,82,14,-1,1216,1160,1216,1152,160,42,-1
492,1,11.654,28.181,9.817,1234,1290,1228,1282,82,14,-1,1212,1159,1212,1152,160,48,-1
493,1,11.595,28.183,9.817,1232,1290,1224,1282,82,14,-1,1208,1159,1208,1150,160,46,-1
494,1,11.537,28.181,9.801,1230,1290,1222,1282,80,14,-1,1204,1158,1204,1150,174,48,-1
495,1,11.417,28.175,9.778,1222,1290,1220,1282,82,14,-1,1202,1157,1202,1148,154,42,-1
496,1,11.359,28.177,9.778,1220,1290,1218,1282,80,14,-1,1198,1157,1198,1148,156,42,-1
497,1,11.353,28.177,9.765,1222,1290,1216,1282,78,14,-1,1194,1156,1194,1148,178,48,-1
498,1,11.355,28.333,9.755,1224,1296,1216,1278,76,26,-1,1190,1158,1190,1146,154,48,-1
499,1,11.366,28.593,9.758,1224,1306,1220,1276,56,36,-1,1190,1163,1190,1144,148,44,-1
500,1,11.538,28.701,9.794,1232,1310,1228,1274,34,46,-1,1198,1167,1198,1142,124,42,-1
501,1,12.159,28.894,9.586,1244,1320,1228,1268,24,56,-1,1254,1159,1208,1136,102,44,-1
502,1,12.138,28.799,9.617,1246,1316,1228,1264,28,62,-1,1248,1159,1212,1132,88,56,-1
503,1,12.123,28.798,9.6,1250,1316,1226,1264,38,64,-1,1240,1157,1214,1130,62,50,-1
505,1,12.686,28.979,9.546,1266,1324,1222,1278,48,50,-1,1284,1158,1206,1126,78,58,-1
506,1,12.734,28.92,9.512,1266,1322,1220,1278,54,50,-1,1290,1155,1204,1126,86,56,-1
507,1,12.887,28.905,9.454,1274,1322,1222,1280,56,46,-1,1296,1151,1200,1126,96,52,-1
508,1,13.003,28.786,9.391,1278,1318,1226,1294,58,28,-1,1304,1145,1202,1120,102,58,-1
509,1,13.144,28.616,9.327,1284,1312,1226,1300,62,18,-1,1312,1138,1204,1122,108,60,-1
510,1,13.237,28.65,9.249,1286,1314,1226,1306,66,14,-1,1320,1134,1200,1120,120,58,-1
511,1,13.449,28.732,9.178,1296,1318,1234,1306,66,16,-1,1330,1131,1194,1122,136,56,-1
512,1,13.609,28.761,9.087,1302,1320,1246,1308,62,16,-1,1340,1126,1188,1118,152,58,-1
513,1,13.809,28.788,8.997,1310,1322,1246,1306,68,20,-1,1352,1121,1188,1114,164,66,-1
514,1,13.984,28.817,8.906,1316,1324,1252,1308,70,20,-1,1364,1116,1202,1108,162,60,-1
515,1,14.158,28.791,8.797,1322,1324,1256,1310,72,18,-1,1376,1109,1220,1102,156,60,-1
516,1,14.332,28.772,8.72,1328,1324,1260,1314,74,16,-1,1388,1104,1232,1096,156,64,-1
517,1,14.489,28.796,8.615,1334,1326,1270,1314,70,18,-1,1398,1098,1232,1092,166,72,-1
518,1,14.604,28.873,8.511,1338,1330,1278,1314,68,22,-1,1406,1093,1236,1086,170,82,-1
519,1,14.744,28.947,8.409,1344,1334,1288,1312,64,28,-1,1414,1088,1266,1080,148,72,-1
520,1,14.951,28.968,8.307,1354,1336,1296,1312,62,28,-1,1424,1082,1280,1074,144,74,-1
521,1,15.15,28.791,8.208,1362,1330,1300,1316,66,20,-1,1436,1073,1290,1064,146,76,-1
522,1,15.341,28.645,8.0,1368,1326,1304,1320,70,18,-1,1450,1058,1308,1052,142,90,-1
523,1,15.541,28.51,7.854,1376,1322,1312,1318,70,20,-1,1462,1047,1320,1040,142,96,-1
524,1,15.83,28.419,7.713,1390,1320,1330,1316,64,22,-1,1476,1037,1324,1032,152,104,-1
525,1,16.067,28.376,7.543,1400,1320,1338,1316,64,18,-1,1490,1026,1350,1022,140,102,-1
526,1,16.254,28.355,7.449,1406,1320,1348,1314,64,16,-1,1504,1020,1360,1014,144,96,-1
527,1,16.533,28.264,7.29,1418,1318,1356,1314,66,14,-1,1520,1009,1360,1004,160,114,-1
528,1,16.725,28.276,7.138,1426,1320,1360,1314,70,14,-1,1532,1000,1376,996,156,112,-1
529,1,16.913,28.207,7.04,1432,1318,1368,1312,70,14,-1,1546,993,1382,988,164,108,-1
530,1,17.159,28.126,6.942,1444,1316,1376,1312,70,14,-1,1558,986,1392,980,166,108,-1
531,1,17.303,28.11,6.848,1448,1316,1382,1310,72,16,-1,1570,980,1400,974,170,104,-1
532,1,17.521,28.085,6.771,1458,1316,1388,1310,74,16,-1,1582,975,1410,968,172,98,-1
533,1,17.674,28.067,6.692,1464,1316,1394,1310,76,16,-1,1592,970,1422,962,170,98,-1
534,1,17.804,28.003,6.608,1468,1314,1402,1308,74,16,-1,1602,964,1460,958,142,74,-1
535,1,18.022,27.979,6.531,1478,1314,1406,1308,78,16,-1,1614,959,1466,952,148,72,-1
536,1,18.186,27.904,6.446,1486,1312,1412,1308,78,16,-1,1622,953,1476,948,146,68,-1
537,1,18.313,27.894,6.384,1490,1312,1418,1308,78,16,-1,1632,949,1488,944,144,64,-1
538,1,18.474,27.872,6.321,1498,1312,1424,1306,78,16,-1,1640,945,1496,940,144,62,-1
539,1,18.605,27.817,6.268,1502,1310,1430,1306,78,16,-1,1650,941,1504,936,146,62,-1
540,1,18.716,27.808,6.221,1506,1310,1436,1304,80,18,-1,1658,938,1514,932,144,60,-1
541,1,18.852,27.794,6.174,1512,1310,1440,1304,80,16,-1,1666,935,1522,928,144,60,-1
542,1,19.012,27.772,6.111,1520,1310,1446,1304,80,16,-1,1674,931,1528,926,146,58,-1
543,1,19.128,27.718,6.073,1524,1308,1452,1302,78,16,-1,1682,928,1536,922,146,54,-1
544,1,19.263,27.704,6.026,1530,1308,1454,1302,82,16,-1,1690,925,1540,918,150,56,-1
545,1,19.429,27.643,6.003,1538,1306,1462,1302,80,16,-1,1698,923,1552,916,146,54,-1
546,1,19.499,27.64,5.972,1540,1306,1464,1302,82,16,-1,1704,921,1558,914,146,52,-1
547,1,19.585,27.634,5.91,1542,1306,1470,1300,82,16,-1,1712,917,1564,912,148,52,-1
548,1,19.729,27.612,5.861,1550,1306,1474,1300,82,16,-1,1718,914,1572,908,146,52,-1
549,1,19.8,27.61,5.83,1552,1306,1478,1300,82,16,-1,1724,912,1576,906,148,52,-1
550,1,19.975,27.542,5.821,1562,1304,1480,1300,84,14,-1,1730,911,1584,904,146,50,-1
551,1,20.086,27.537,5.791,1566,1304,1488,1300,82,14,-1,1738,909,1590,902,148,50,-1
552,1,20.151,27.58,5.751,1568,1306,1492,1298,82,16,-1,1744,907,1594,900,150,50,-1
553,1,20.251,27.524,5.713,1572,1304,1496,1298,82,16,-1,1750,904,1602,898,148,50,-1
554,1,20.347,27.523,5.713,1576,1304,1504,1298,78,16,-1,1756,904,1604,896,152,50,-1
555,1,20.426,27.511,5.681,1580,1304,1506,1298,80,14,-1,1760,902,1610,894,150,50,-1
556,1,20.521,27.503,5.649,1584,1304,1508,1298,82,14,-1,1766,900,1616,894,150,48,-1
557,1,20.577,27.642,5.626,1586,1310,1514,1298,78,16,-1,1772,900,1624,892,148,50,-1
558,1,20.62,27.864,5.554,1588,1320,1516,1294,76,30,-1,1778,898,1630,890,148,46,-1
559,1,20.546,28.039,5.445,1584,1328,1536,1288,56,48,-1,1778,893,1644,884,134,46,-1
560,1,20.544,28.263,5.269,1588,1340,1532,1284,60,60,-1,1776,885,1654,878,122,58,-1
561,1,20.595,28.326,5.174,1592,1344,1546,1284,50,66,-1,1778,880,1660,872,118,62,-1
562,1,20.745,28.414,4.981,1600,1350,1552,1286,52,70,-1,1788,869,1670,864,118,64,-1
563,1,20.871,28.572,4.818,1604,1358,1562,1306,48,58,-1,1802,860,1688,854,114,66,-1
564,1,21.049,28.752,4.659,1614,1368,1564,1310,54,62,-1,1814,852,1698,846,116,68,-1
565,1,21.173,28.854,4.517,1620,1374,1568,1314,56,66,-1,1824,844,1702,840,122,82,-1
566,1,21.328,28.912,4.412,1628,1378,1574,1320,58,64,-1,1834,838,1694,832,140,86,-1
567,1,21.483,28.968,4.237,1634,1382,1576,1326,62,60,-1,1848,827,1724,822,124,72,-1
568,1,21.626,28.971,4.108,1642,1384,1578,1334,66,54,-1,1856,819,1732,814,124,74,-1
569,1,21.759,28.823,4.01,1646,1378,1582,1338,68,44,-1,1866,811,1736,806,130,80,-1
570,1,21.868,28.624,3.914,1650,1370,1584,1350,72,30,-1,1872,803,1748,798,124,78,-1
571,1,21.897,28.487,3.873,1650,1364,1584,1358,76,24,-1,1874,799,1752,792,122,72,-1
572,1,21.997,28.319,3.78,1656,1358,1586,1352,76,30,-1,1876,792,1758,786,118,76,-1
573,1,22.106,28.204,3.712,1662,1354,1592,1348,76,36,-1,1880,787,1756,780,124,80,-1
574,1,22.2,28.144,3.641,1666,1352,1602,1346,74,38,-1,1886,782,1764,776,122,78,-1
575,1,22.333,28.081,3.57,1672,1350,1608,1342,74,42,-1,1894,777,1774,770,120,80,-1
576,1,22.521,27.964,3.514,1682,1346,1614,1340,74,40,-1,1902,773,1784,766,118,74,-1
577,1,22.641,27.903,3.471,1688,1344,1618,1338,76,40,-1,1908,770,1792,762,116,72,-1
578,1,22.749,27.849,3.402,1692,1342,1622,1336,78,40,-1,1916,765,1796,758,120,68,-1
579,1,22.869,27.788,3.359,1698,1340,1628,1334,78,40,-1,1922,762,1800,754,122,66,-1
580,1,22.976,27.731,3.273,1702,1338,1630,1332,80,40,-1,1930,756,1806,750,124,60,-1
581,1,23.082,27.669,3.243,1708,1336,1636,1330,80,40,-1,1934,754,1792,746,142,62,-1
582,1,23.256,27.548,3.184,1718,1332,1640,1328,80,40,-1,1940,750,1798,742,142,62,-1
583,1,23.295,27.551,3.128,1718,1332,1646,1326,80,40,-1,1946,746,1802,740,144,60,-1
584,1,23.401,27.489,3.097,1724,1330,1648,1324,82,40,-1,1950,744,1830,736,120,60,-1
585,1,23.496,27.434,3.04,1728,1328,1652,1322,82,40,-1,1956,740,1838,732,118,58,-1
586,1,23.609,27.33,3.014,1734,1324,1658,1322,80,38,-1,1960,738,1840,730,120,58,-1
587,1,23.641,27.376,2.953,1734,1326,1662,1320,80,38,-1,1966,734,1840,726,126,62,-1
588,1,23.801,27.253,2.905,1744,1322,1664,1318,82,40,-1,1970,731,1840,724,130,66,-1
589,1,23.826,27.255,2.863,1744,1322,1668,1318,82,38,-1,1974,728,1838,720,136,72,-1
590,1,23.877,27.251,2.833,1746,1322,1672,1316,82,38,-1,1978,726,1840,718,138,72,-1
591,1,23.959,27.198,2.805,1750,1320,1674,1314,84,40,-1,1982,724,1864,716,118,64,-1
592,1,24.058,27.178,2.768,1756,1320,1678,1314,82,38,-1,1986,722,1868,714,118,56,-1
593,1,24.146,27.08,2.729,1760,1316,1680,1312,84,38,-1,1990,719,1870,712,120,62,-1
594,1,24.174,27.088,2.718,1760,1316,1682,1310,84,40,-1,1994,718,1874,710,120,60,-1
595,1,24.201,27.093,2.691,1760,1316,1686,1310,84,38,-1,1998,716,1868,708,130,62,-1
596,1,24.307,27.031,2.66,1766,1314,1690,1308,84,38,-1,2002,714,1872,706,130,60,-1
597,1,24.334,27.037,2.633,1766,1314,1690,1306,86,40,-1,2006,712,1872,706,134,54,-1
598,1,24.402,26.981,2.618,1770,1312,1694,1306,84,38,-1,2008,711,1876,704,132,54,-1
599,1,24.506,26.917,2.57,1776,1310,1696,1304,86,40,-1,2012,708,1878,702,134,56,-1
600,1,24.496,26.928,2.56,1774,1310,1702,1304,82,38,-1,2014,707,1890,700,124,56,-1
601,1,24.666,26.77,2.545,1784,1304,1702,1302,86,38,-1,2018,706,1886,700,132,54,-1
602,1,24.646,26.796,2.542,1780,1304,1706,1298,82,40,-1,2022,705,1886,698,136,56,-1
603,1,24.644,26.502,2.571,1778,1290,1708,1288,72,52,-1,2018,705,1890,696,128,56,-1
604,1,24.452,26.487,2.688,1768,1288,1718,1278,58,68,-1,2006,712,1908,694,98,52,-1
605,1,24.229,26.266,2.811,1766,1280,1746,1268,28,80,-1,1974,720,1926,692,80,52,-1
606,1,24.441,26.144,3.196,1768,1270,1760,1258,16,86,-1,1990,742,1952,690,52,52,-1
607,1,24.592,25.874,3.19,1774,1258,1762,1246,18,80,-1,1995,740,1964,686,40,54,-1
608,1,24.791,25.372,3.139,1782,1236,1764,1234,22,72,-1,1999,734,1966,684,40,50,-1
609,1,24.634,25.146,2.644,1780,1230,1764,1220,24,80,-1,1985,704,1966,680,42,46,-1
610,1,24.663,24.679,2.533,1782,1210,1770,1208,16,84,-1,1979,695,1962,676,32,46,-1
611,1,24.621,24.629,2.458,1780,1208,1774,1196,14,76,-1,1976,691,1954,672,42,44,-1
612,1,24.706,24.383,2.911,1780,1194,1774,1184,14,80,-1,1976,716,1950,670,46,46,-1
613,1,24.727,24.017,2.447,1782,1180,1774,1172,14,84,-1,1975,687,1948,666,52,48,-1
614,1,24.794,23.662,2.438,1784,1164,1776,1162,12,82,-1,1974,685,1944,664,58,46,-1
615,1,24.763,23.62,2.408,1782,1162,1776,1150,14,80,-1,1973,683,1940,662,66,42,-1
616,1,24.805,23.347,2.396,1784,1150,1776,1140,14,84,-1,1970,681,1938,660,68,46,-1
617,1,24.806,23.166,2.38,1784,1142,1776,1130,14,84,-1,1967,680,1936,658,68,48,-1
618,1,24.821,22.973,2.35,1786,1134,1778,1120,14,88,-1,1963,678,1932,656,66,48,-1
619,1,24.831,22.659,2.327,1786,1120,1778,1112,14,86,-1,1959,675,1930,654,62,48,-1
620,1,24.87,22.384,2.309,1788,1108,1776,1100,18,98,-1,1957,673,1926,652,64,48,-1
621,1,24.865,22.201,2.278,1788,1100,1780,1094,14,88,-1,1953,671,1924,650,62,46,-1
622,1,24.846,22.148,2.246,1788,1098,1780,1088,14,86,-1,1951,669,1922,648,60,48,-1
623,1,24.87,21.839,2.239,1788,1084,1780,1078,16,88,-1,1948,668,1920,646,62,48,-1
624,1,24.903,21.683,2.198,1792,1078,1780,1072,16,86,-1,1945,665,1920,646,54,44,-1
625,1,24.898,21.62,2.138,1794,1076,1780,1066,22,82,-1,1942,662,1918,644,50,42,-1
626,1,24.987,21.471,2.148,1800,1070,1776,1060,32,80,-1,1941,663,1920,642,46,42,-1
627,1,24.985,21.192,1.744,1806,1060,1774,1052,38,74,-1,1935,642,1922,642,38,38,-1
628,1,25.021,21.022,1.685,1806,1052,1774,1042,38,80,-1,1937,638,1920,638,30,42,-1
629,1,25.082,20.623,1.667,1808,1034,1778,1032,34,82,-1,1935,636,1920,636,26,44,-1
630,1,25.025,20.574,1.629,1806,1032,1786,1020,28,86,-1,1931,634,1920,634,24,44,-1
631,1,25.058,20.256,1.565,1808,1018,1794,1010,20,86,-1,1928,630,1918,630,26,44,-1
632,1,25.15,20.104,1.947,1808,1010,1798,1000,18,88,-1,1930,649,1916,628,28,46,-1
633,1,25.202,19.88,1.937,1810,1000,1800,992,16,86,-1,1929,648,1914,626,30,52,-1
634,1,25.358,19.773,2.415,1812,994,1802,982,16,86,-1,1936,672,1912,624,32,48,-1
635,1,25.244,19.517,1.829,1812,984,1802,974,18,84,-1,1927,641,1910,622,34,42,-1
636,1,25.345,19.158,1.825,1816,968,1804,966,16,86,-1,1928,640,1910,620,38,42,-1
637,1,25.35,19.024,1.799,1816,962,1804,956,18,90,-1,1926,638,1908,618,40,42,-1
638,1,25.349,18.979,1.79,1816,960,1804,950,20,88,-1,1926,638,1906,616,42,48,-1
639,1,25.373,18.837,1.758,1818,954,1806,942,18,86,-1,1924,636,1906,614,40,48,-1
640,1,25.376,18.658,1.724,1818,946,1806,934,20,88,-1,1922,634,1904,614,38,46,-1
641,1,25.417,18.475,1.713,1820,938,1808,928,20,86,-1,1921,633,1904,612,38,48,-1
642,1,25.449,18.247,1.669,1822,928,1808,920,20,88,-1,1920,630,1904,610,34,46,-1
643,1,25.48,18.107,1.647,1824,922,1808,914,22,86,-1,1919,629,1902,608,36,46,-1
644,1,25.442,18.066,1.61,1822,920,1808,908,22,90,-1,1917,627,1900,606,36,48,-1
645,1,25.325,17.831,1.091,1822,910,1810,902,18,90,-1,1909,602,1898,602,36,50,-1
646,1,25.617,17.619,2.173,1824,900,1812,898,18,88,-1,1919,654,1896,600,36,54,-1
647,1,25.283,17.601,0.97,1822,900,1816,892,14,86,-1,1903,596,1894,596,36,46,-1
648,1,25.423,17.619,1.365,1822,900,1816,888,14,86,-1,1912,614,1892,594,40,50,-1
649,1,25.43,17.532,1.337,1822,896,1816,884,14,84,-1,1911,613,1890,590,42,52,-1
650,1,25.236,17.331,0.768,1822,888,1816,880,14,84,-1,1897,586,1888,586,46,66,-1
651,1,25.223,17.241,0.727,1822,884,1816,876,14,80,-1,1895,584,1888,584,46,60,-1
652,1,25.457,17.262,1.233,1824,884,1816,874,14,78,-1,1909,607,1886,580,48,62,-1
653,1,25.197,17.065,0.565,1822,876,1816,868,14,78,-1,1892,576,1884,576,48,62,-1
654,1,25.458,17.085,1.174,1824,876,1816,864,16,80,-1,1908,604,1884,574,48,66,-1
655,1,25.521,16.9,1.144,1828,868,1816,860,18,80,-1,1907,603,1886,574,50,56,-1
656,1,25.609,16.717,1.17,1832,860,1814,854,24,76,-1,1909,604,1886,572,58,60,-1
657,1,25.552,16.618,1.079,1832,856,1812,846,26,84,-1,1903,600,1888,572,42,52,-1
658,1,25.619,16.478,1.549,1830,850,1812,838,26,88,-1,1904,622,1884,570,30,52,-1
659,1,25.314,16.194,0.416,1826,836,1812,826,26,102,-1,1889,568,1880,568,32,52,-1
660,1,25.269,16.097,0.368,1826,832,1820,820,18,80,-1,1884,566,1874,566,40,48,-1
661,1,25.278,15.966,0.37,1826,826,1820,810,14,80,-1,1883,566,1872,566,44,46,-1
662,1,25.523,15.712,0.787,1828,814,1820,802,14,80,-1,1895,584,1872,566,46,40,-1
663,1,25.539,15.536,0.79,1828,806,1820,794,14,84,-1,1895,584,1872,566,48,36,-1
664,1,25.287,15.229,0.534,1828,794,1820,784,14,84,-1,1870,574,1870,566,52,32,-1
665,1,25.256,15.006,0.559,1826,784,1820,776,14,94,-1,1866,575,1866,566,52,30,-1
706,1,25.269,8.44,1.027,1814,498,1800,494,20,80,-1,1800,590,1792,566,20,24,-1
707,1,25.219,8.254,1.091,1808,490,1802,484,18,78,-1,1799,592,1786,560,24,32,-1
708,1,24.975,8.019,0.747,1806,478,1800,472,20,76,-1,1782,579,1782,566,28,24,-1
709,1,24.923,7.871,0.772,1804,472,1800,462,20,82,-1,1778,580,1778,566,34,24,-1
710,1,24.937,7.727,0.77,1806,466,1798,452,20,82,-1,1776,580,1776,564,38,26,-1
711,1,24.972,7.215,0.781,1806,444,1798,440,16,84,-1,1774,580,1774,568,40,22,-1
712,1,24.942,7.111,0.834,1804,440,1798,432,16,82,-1,1772,582,1772,568,42,22,-1
713,1,24.913,6.931,0.814,1802,432,1796,422,16,82,-1,1770,581,1770,568,40,22,-1
714,1,24.911,6.776,0.866,1802,426,1796,414,16,82,-1,1768,583,1768,570,38,20,-1
715,1,24.896,6.496,0.874,1800,414,1794,404,16,82,-1,1766,583,1766,570,36,22,-1
716,1,24.892,6.307,0.876,1800,406,1794,396,16,84,-1,1764,583,1764,570,32,22,-1
717,1,24.899,6.023,0.88,1800,394,1794,388,16,84,-1,1762,583,1762,570,32,22,-1
718,1,24.865,5.922,0.909,1798,390,1792,380,16,82,-1,1760,584,1760,570,32,22,-1
719,1,24.86,5.732,0.911,1798,382,1792,374,16,82,-1,1758,584,1758,570,32,24,-1
720,1,24.84,5.682,0.909,1798,380,1792,368,16,82,-1,1756,584,1756,572,32,22,-1
721,1,24.85,5.39,0.94,1798,368,1792,360,14,80,-1,1754,585,1754,572,34,22,-1
722,1,24.817,5.248,0.944,1796,362,1790,352,16,82,-1,1752,585,1752,572,34,24,-1
723,1,24.822,5.201,0.945,1796,360,1790,348,16,82,-1,1752,585,1752,572,32,24,-1
724,1,24.804,4.958,0.979,1794,350,1790,340,14,82,-1,1750,586,1750,572,34,26,-1
725,1,24.799,4.765,0.981,1794,342,1788,334,16,84,-1,1748,586,1748,572,34,24,-1
726,1,24.792,4.613,1.009,1794,336,1788,328,16,84,-1,1746,587,1746,574,36,22,-1
727,1,24.808,4.471,1.013,1794,330,1788,322,14,84,-1,1746,587,1746,574,34,22,-1
728,1,24.802,4.278,1.015,1794,322,1788,316,14,86,-1,1744,587,1744,574,34,24,-1
729,1,24.817,4.175,1.045,1794,318,1788,312,14,82,-1,1744,588,1744,574,34,24,-1
730,1,24.779,4.04,1.022,1792,312,1788,306,14,84,-1,1742,587,1742,574,32,24,-1
731,1,24.816,3.934,1.049,1794,308,1788,302,14,84,-1,1742,588,1742,574,34,24,-1
732,1,25.013,3.924,1.029,1794,306,1786,298,14,82,-1,1756,586,1740,576,34,24,-1
733,1,24.812,3.701,1.026,1794,298,1788,292,12,84,-1,1740,587,1740,576,28,22,-1
734,1,24.821,3.645,1.054,1794,296,1786,288,14,86,-1,1740,588,1740,576,28,22,-1
735,1,24.78,3.589,1.083,1792,294,1786,282,14,86,-1,1738,589,1738,576,30,24,-1
736,1,24.82,3.457,1.063,1792,288,1786,278,14,84,-1,1740,588,1740,576,26,22,-1
737,1,24.815,3.224,1.039,1792,278,1786,272,14,88,-1,1738,587,1738,576,26,22,-1
738,1,25.0,3.33,1.074,1794,282,1788,270,12,82,-1,1750,587,1736,576,28,24,-1
739,1,24.835,3.018,1.066,1794,270,1788,264,12,86,-1,1736,588,1736,576,28,24,-1
740,1,24.854,2.904,1.125,1794,266,1788,260,12,86,-1,1736,590,1736,576,28,24,-1
741,1,25.091,2.722,1.485,1794,262,1788,256,12,86,-1,1749,602,1736,576,26,26,-1
742,1,25.056,2.669,1.482,1794,260,1788,252,12,86,-1,1746,602,1736,578,22,24,-1
743,1,25.128,2.476,1.49,1796,252,1788,248,12,80,-1,1748,602,1734,576,26,26,-1
744,1,25.086,2.525,1.489,1794,254,1788,246,12,78,-1,1747,602,1734,576,26,26,-1
745,1,25.106,2.424,1.489,1796,250,1788,242,14,78,-1,1746,602,1734,578,24,24,-1
747,1,25.12,2.357,1.547,1796,248,1788,236,14,82,-1,1746,604,1734,578,22,26,-1
749,1,25.104,2.049,1.151,1798,230,1788,228,14,80,-1,1743,589,1732,578,22,26,-1
750,1,25.076,2.045,1.168,1796,230,1788,224,14,82,-1,1743,590,1732,580,22,24,-1
756,1,24.979,1.801,1.188,1790,220,1784,212,22,70,-1,1739,590,1726,580,24,24,-1
757,1,24.555,1.805,1.091,1780,220,1772,214,38,56,-1,1718,588,1718,580,36,26,-1
758,1,24.222,1.905,1.092,1764,224,1760,218,56,44,-1,1708,588,1708,578,50,26,-1
759,1,24.087,1.949,1.087,1760,226,1752,220,68,30,-1,1702,588,1702,578,60,28,-1
760,1,23.911,1.949,1.088,1752,226,1744,220,76,22,-1,1696,588,1696,576,70,28,-1
761,1,23.686,1.91,1.061,1742,224,1734,218,82,18,-1,1688,587,1688,578,82,22,-1
762,1,23.442,1.824,1.037,1730,220,1724,214,84,20,-1,1680,586,1680,578,88,20,-1
763,1,23.219,1.775,1.038,1720,218,1714,212,82,20,-1,1672,586,1672,578,86,20,-1
764,1,22.913,1.824,1.038,1706,220,1704,212,86,20,-1,1662,586,1662,578,84,18,-1
765,1,22.747,1.876,1.002,1702,222,1694,212,84,14,-1,1654,585,1654,576,86,20,-1
766,1,22.548,1.878,1.005,1692,222,1684,212,80,16,-1,1648,585,1648,576,82,18,-1
767,1,22.275,1.881,1.008,1678,222,1674,212,78,14,-1,1640,585,1640,576,84,20,-1
768,1,22.097,1.828,1.006,1672,220,1664,212,84,14,-1,1632,585,1632,576,82,20,-1
769,1,21.847,1.79,0.98,1660,218,1654,212,84,14,-1,1624,584,1624,576,82,18,-1
770,1,21.642,1.787,0.978,1652,218,1644,212,84,14,-1,1616,584,1616,576,84,18,-1
771,1,21.368,1.79,0.981,1638,218,1636,212,86,14,-1,1608,584,1608,576,84,18,-1
772,1,21.212,1.735,0.978,1634,216,1626,210,88,14,-1,1600,584,1600,576,86,18,-1
773,1,21.081,1.732,0.975,1630,216,1618,210,88,14,-1,1594,584,1594,574,90,20,-1
774,1,20.858,1.735,0.978,1618,216,1610,210,86,14,-1,1588,584,1588,574,88,20,-1
775,1,20.661,1.687,0.981,1608,214,1602,208,84,16,-1,1582,584,1582,574,86,18,-1
776,1,20.476,1.693,0.949,1602,214,1594,208,86,14,-1,1574,583,1574,574,86,18,-1
777,1,20.299,1.693,0.95,1594,214,1588,208,86,14,-1,1568,583,1568,574,84,18,-1
778,1,20.122,1.692,0.95,1586,214,1580,208,88,14,-1,1562,583,1562,572,82,20,-1
779,1,19.95,1.696,0.952,1576,214,1574,206,86,16,-1,1558,583,1558,572,84,20,-1
780,1,19.844,1.642,0.95,1574,212,1566,206,88,14,-1,1552,583,1552,572,94,22,-1
781,1,19.718,1.642,0.951,1568,212,1560,206,86,16,-1,1548,583,1548,572,86,22,-1
782,1,19.564,1.64,0.95,1562,212,1554,206,84,14,-1,1542,583,1542,572,86,22,-1
783,1,19.439,1.631,0.979,1556,212,1548,206,86,14,-1,1538,584,1538,572,84,22,-1
784,1,19.238,1.631,0.98,1546,212,1542,206,82,14,-1,1532,584,1532,572,86,20,-1
785,1,19.107,1.729,0.979,1540,216,1536,204,86,16,-1,1528,584,1528,572,84,22,-1
786,1,19.073,1.724,0.976,1542,216,1530,202,82,22,-1,1524,584,1524,572,80,22,-1
787,1,18.824,1.776,0.977,1528,218,1522,202,82,22,-1,1518,584,1518,572,82,22,-1
788,1,18.568,1.724,0.977,1518,216,1512,204,82,20,-1,1508,584,1508,572,82,22,-1
789,1,18.37,1.676,0.979,1508,214,1502,208,84,16,-1,1502,584,1502,574,80,20,-1
790,1,18.164,1.663,1.007,1500,214,1492,208,86,16,-1,1494,585,1494,574,82,20,-1
791,1,17.936,1.613,1.007,1490,212,1482,206,84,16,-1,1486,585,1486,574,88,20,-1
792,1,17.73,1.601,1.036,1482,212,1474,206,84,16,-1,1478,586,1478,574,86,20,-1
793,1,17.528,1.601,1.036,1472,212,1466,206,80,16,-1,1472,586,1472,574,84,20,-1
794,1,17.346,1.549,1.036,1466,210,1458,204,84,18,-1,1464,586,1464,574,86,20,-1
795,1,17.196,1.55,1.037,1458,210,1450,204,82,16,-1,1460,586,1460,574,82,20,-1
796,1,16.988,1.547,1.036,1450,210,1442,204,82,16,-1,1452,586,1452,574,86,22,-1
797,1,16.841,1.479,1.095,1442,208,1436,202,82,18,-1,1448,588,1448,574,84,22,-1
798,1,16.656,1.476,1.095,1436,208,1428,202,84,18,-1,1440,588,1440,574,90,22,-1
799,1,16.46,1.468,1.124,1424,208,1420,202,88,18,-1,1436,589,1436,574,84,22,-1
800,1,16.403,1.416,1.125,1424,206,1414,200,82,18,-1,1432,589,1432,574,82,22,-1
801,1,16.224,1.415,1.125,1416,206,1408,200,84,18,-1,1426,589,1426,576,84,20,-1
802,1,16.05,1.406,1.153,1406,206,1402,200,84,18,-1,1422,590,1422,576,84,22,-1
803,1,15.941,1.353,1.155,1404,204,1398,198,78,18,-1,1416,590,1416,576,84,22,-1
804,1,15.837,1.342,1.184,1400,204,1392,198,80,18,-1,1412,591,1412,576,84,22,-1
805,1,15.709,1.332,1.213,1394,204,1386,198,82,18,-1,1408,592,1408,576,82,22,-1
806,1,15.535,1.333,1.211,1384,204,1380,196,84,20,-1,1404,592,1404,576,80,22,-1
807,1,15.449,1.279,1.214,1384,202,1376,196,80,18,-1,1398,592,1398,576,84,24,-1
808,1,15.28,1.332,1.21,1372,204,1370,198,84,18,-1,1396,592,1396,576,80,22,-1
809,1,15.175,1.38,1.209,1368,206,1366,198,82,16,-1,1392,592,1392,576,80,22,-1
810,1,15.117,1.367,1.24,1368,206,1360,196,84,16,-1,1388,593,1388,576,80,24,-1
811,1,15.035,1.465,1.239,1366,210,1358,194,82,20,-1,1384,593,1384,576,82,24,-1
812,1,15.04,1.634,1.176,1364,216,1358,190,78,32,-1,1386,591,1386,578,72,22,-1
813,1,15.109,1.692,1.148,1370,218,1364,186,62,42,-1,1386,590,1386,580,68,22,-1
814,1,15.264,1.811,1.089,1376,222,1368,182,48,48,-1,1392,588,1392,582,54,20,-1
815,1,15.67,1.836,1.199,1382,224,1370,178,46,52,-1,1415,592,1394,582,48,22,-1
816,1,15.65,1.786,1.19,1384,222,1370,174,36,56,-1,1412,591,1392,578,46,28,-1
817,1,15.671,1.893,1.151,1390,226,1368,172,26,60,-1,1409,590,1392,578,40,24,-1
818,1,15.66,1.91,1.096,1392,226,1368,170,28,62,-1,1406,588,1392,576,30,24,-1
820,1,15.849,2.009,0.824,1392,226,1366,168,34,64,-1,1420,579,1392,574,28,22,-1
821,1,15.894,2.104,0.824,1396,230,1364,170,38,64,-1,1420,579,1390,574,30,22,-1
822,1,15.99,2.161,0.796,1402,232,1364,170,40,66,-1,1422,578,1388,574,34,26,-1
823,1,15.996,2.134,0.739,1400,230,1364,176,40,60,-1,1424,576,1388,572,36,30,-1
824,1,16.019,2.142,0.711,1402,230,1364,182,42,52,-1,1424,575,1388,572,36,30,-1
825,1,16.004,2.01,0.682,1398,224,1362,174,44,56,-1,1426,574,1388,570,38,32,-1
826,1,16.026,2.047,0.569,1400,224,1360,172,46,56,-1,1426,570,1386,566,40,34,-1
827,1,16.05,1.997,0.57,1402,222,1358,172,48,56,-1,1426,570,1386,566,40,32,-1
828,1,16.101,2.017,0.513,1404,222,1356,174,52,52,-1,1428,568,1382,564,46,34,-1
829,1,16.101,1.988,0.456,1404,220,1354,178,56,48,-1,1428,566,1382,562,46,36,-1
830,1,16.108,1.962,0.398,1402,218,1354,178,58,48,-1,1430,564,1380,560,50,38,-1
831,1,16.181,1.99,0.313,1406,218,1356,182,56,44,-1,1432,561,1378,556,54,42,-1
832,1,16.252,2.134,0.313,1410,224,1356,182,58,46,-1,1434,561,1380,556,54,40,-1
833,1,16.157,2.078,0.341,1404,222,1356,182,58,50,-1,1432,562,1378,556,54,38,-1
834,1,16.151,2.357,0.368,1404,234,1358,184,54,56,-1,1432,563,1376,558,56,28,-1
835,1,16.093,2.432,0.425,1404,238,1370,182,40,64,-1,1428,565,1380,560,48,22,-1
836,1,16.067,2.568,0.452,1402,244,1380,184,30,68,-1,1428,566,1388,558,40,22,-1
837,1,16.041,2.77,0.422,1400,252,1384,184,24,74,-1,1428,565,1394,558,34,20,-1
838,1,15.85,2.834,0.495,1400,256,1390,184,18,78,-1,1414,567,1400,558,28,20,-1
872,1,15.644,5.117,0.354,1388,350,1384,286,30,68,-1,1412,563,1412,556,22,20,-1
873,1,15.541,5.129,0.301,1386,350,1378,294,38,64,-1,1406,561,1406,556,30,24,-1
874,1,15.467,5.217,0.327,1382,354,1376,302,42,60,-1,1404,562,1404,556,34,28,-1
875,1,15.417,5.311,0.327,1380,358,1372,304,46,62,-1,1402,562,1402,556,36,26,-1
876,1,15.316,5.453,0.326,1376,364,1370,304,50,68,-1,1398,562,1398,556,42,28,-1
877,1,15.27,5.596,0.325,1372,370,1366,310,50,66,-1,1398,562,1398,556,42,28,-1
878,1,15.219,5.683,0.351,1370,374,1364,312,50,68,-1,1396,563,1396,556,42,26,-1
879,1,15.146,5.825,0.35,1366,380,1362,314,50,70,-1,1394,563,1394,556,46,26,-1
880,1,15.096,5.919,0.349,1364,384,1360,318,48,70,-1,1392,563,1392,556,48,28,-1
881,1,15.046,6.013,0.349,1362,388,1358,322,46,70,-1,1390,563,1390,556,50,26,-1
882,1,15.019,6.012,0.349,1362,388,1356,326,46,70,-1,1388,563,1388,556,52,28,-1
883,1,14.946,6.201,0.348,1358,396,1354,336,40,64,-1,1386,563,1386,556,50,28,-1
884,1,14.946,6.201,0.348,1358,396,1352,336,42,68,-1,1386,563,1386,556,44,28,-1
885,1,14.873,6.383,0.373,1354,404,1350,340,42,66,-1,1384,564,1384,556,46,28,-1
886,1,14.847,6.382,0.373,1354,404,1348,344,40,66,-1,1382,564,1382,556,48,28,-1
887,1,14.824,6.43,0.372,1352,406,1346,344,42,70,-1,1382,564,1382,556,44,28,-1
888,1,14.797,6.523,0.373,1352,410,1344,346,44,70,-1,1380,564,1380,556,46,28,-1
889,1,14.726,6.483,0.346,1348,408,1342,348,42,68,-1,1378,563,1378,556,46,28,-1
890,1,14.508,6.524,0.371,1338,410,1332,352,52,62,-1,1370,564,1370,554,44,30,-1
891,1,14.334,6.415,0.426,1332,406,1324,374,62,38,-1,1362,566,1362,556,52,30,-1
892,1,14.163,6.355,0.478,1324,404,1316,380,74,30,-1,1356,568,1356,556,60,28,-1
893,1,14.041,6.342,0.53,1318,404,1310,386,80,24,-1,1352,570,1352,556,66,30,-1
894,1,13.892,6.329,0.583,1312,404,1304,394,82,16,-1,1346,572,1346,556,76,30,-1
895,1,13.722,6.37,0.608,1304,406,1296,398,84,12,-1,1340,573,1340,560,86,22,-1
896,1,13.551,6.411,0.633,1296,408,1290,398,80,16,-1,1334,574,1334,560,92,22,-1
897,1,13.309,6.452,0.656,1284,410,1282,398,82,16,-1,1326,575,1326,562,94,22,-1
898,1,13.251,6.444,0.688,1286,410,1276,398,82,18,-1,1320,576,1320,562,96,22,-1
899,1,13.058,6.485,0.712,1276,412,1270,398,84,18,-1,1314,577,1314,564,94,22,-1
900,1,12.98,6.472,0.766,1274,412,1264,400,82,18,-1,1310,579,1310,564,92,22,-1
